Some((
    red: 0.3176471,
    green: 0.68627465,
    blue: 0.9372549,
))