Some((
    red: 0.15686275,
    green: 0.17254902,
    blue: 0.20392157,
    alpha: 1.0,
))